-0.018158335608617626
-0.011598089586863647
0.3699969711392843
0.2628972348328519
0.43254852565965834
0.03548799714430201
0.29620253164556964
0.29686707898205417
-0.0027504449566423533
-0.022556390977443608
-0.05676362609432367
-0.004766517071592147
-0.02840415607810337
-0.002646511255705322
-0.012511108327376952
-0.002612921928712486
-0.006525157537943055
0.0355062254883296
0.29622030237581
0.2970457742668542
0.36992939221929944
0.41446849380852746
0.08570841965768894
0.38409951325040564
2.812753252292599
2.984900507604168
0.9992028537834553
1.0059950840310945
2.70019664196037
2.737369104945349
0.5411189079482622
1.591992677311896
-0.05328508901111695
0.275589311071401
0.10684536437462783
0.29231793591344146
-0.13110638393277207
0.5847128937659636
0.11093742816422231
0.11105173938679244
0.27140529020935195
0.2716594719405683
1.477790526143255
0.11139769499493946
0.4585157390035438
0.4595384776025896
0.23452314556609027
1.27504553734062
-0.18032786885245905
-0.38065980629539964
-0.3907027363184079
-0.036949677371216405
-0.020195095208871333
1.2500004231696948e-07
2.782555921623028
-4.497962382445142
2.766474444280152
2.7668802365697385
0.7479643272586274
2.6601199090345253
0.3744464127546501
-0.0008304190403223
-0.0009661475796637065
-0.0005631956618982192
0.07974391506991196
0.08015182974305736
0.672077922077922
-2.3534535089339914
0.6753246753246753
0.30196186033749484
-0.17529696969696962
2.4200251889168767
0.5657117322873739
0.2961116650049851
0.23126575275096822
0.2311236714382257
-0.020997156923930393
0.06491963522937239
-0.021344341582595155
0.0523256345645627
0.05231981021332565
9.152019002375294
2.430016181229774
-4.827945498263426
2.4198401504466385
0.5657769304099142
0.5650127226463104
2.7840152235965747
-4.496990972918757
2.7672107877927608
0.748014888337469
0.7476387738193868
2.6775167468629117
2.6687116564417175
2.2103924418604652
0.1650350726459009
0.08408770123139597
-0.09855041692063654
2.2729383631669235
1.9826915840963253
-0.4003053435114503
0.8363185038800791
