0.9558725552957721
0.9409010624513471
0.09069274371511404
0.15827486586875775
0.36343377579691893
0.06916143617812417
0.20962025316455699
0.20984149515022477
0.16517194560313875
-0.022556390977423846
-0.05676362609432367
-0.004766517071532028
-0.02840415607810337
0.15566223712418714
0.7129151345894524
0.14776190360094596
0.4361442321505531
0.06916574648745388
0.20950323974082077
0.2099339898279407
0.09068254188010519
0.23918636160943987
0.03867331130895721
0.13423472147106544
0.11537641288121137
0.19990500974639577
0.01811514777097989
0.01792530125297251
0.13749810921191954
0.13727738286325766
-0.1558217686533846
0.062721375646697
-0.0592631153548458
-0.10793328631466792
-0.12535449591392828
0.25368289637952557
0.37697824233163957
0.21640967426607385
0.21621994391062477
0.21672317216981135
0.2558605992227655
0.2560987852625239
0.4779544336993935
0.1643213947566032
0.29841567646445694
0.29884097316487424
0.0033463469046291217
0.2112932604735886
0.06594216246085832
0.008474576271186397
0.00839552238805974
1.9845650119356348
2.8720516556335904
1.2500004231696948e-07
0.331913101637395
0.9385579937304076
0.3294395978116221
0.32971907343518975
0.5876954892077032
0.33498725105092686
0.43364334219072925
2.570999592204935
2.5811042396244694
2.587912724608536
-0.17071465561885038
-0.16963405138852838
0.07467532467532467
-1.0839557655256145
0.07792207792207789
0.39699547262999046
2.0845021645021644
0.44783795130142734
0.27113847375999206
0.9999999999999999
0.23126575275096822
0.2311236714382257
3.3703177963509106
0.3950291061530209
3.4024797646550438
0.326347489398316
0.3263433491693761
0.023752969121140832
0.45071467098166124
-1.7336361207587496
0.4479145678017328
0.27121067683508104
0.2708969465648855
0.33198541071994925
0.9385656970912739
0.32946928475672266
0.5877171215880893
0.5878624689312344
0.12369091423719222
0.12628598395469562
0.6218023255813954
-0.17654300406509288
0.4633805464149984
1.9497844193461435
0.41205011350049386
0.47422551109996247
1.1325190839694659
0.9412445172796068
